    3 0 1 0 0 1 1 1 0 1 1 0 0 1 1 1 1 1 0 1 0 0 0 0 0 0 0 1 0 0 0 0 1 1 0 0 0 1 1 0 0 1 1 0 1 0 1 1 0  1411.000000 235.290000
    5 1 1 1 0 0 0 0 1 1 1 0 0 1 1 1 1 1 0 1 0 0 1 0 0 0 1 0 1 0 0 0 1 1 0 0 0 1 1 0 0 1 1 0 1 0 1 1 0  1418.000000 444.315000
    6 1 0 1 0 0 0 1 1 1 1 0 1 1 0 0 1 1 1 1 1 1 0 0 0 0 0 1 1 0 1 0 0 1 0 0 0 1 1 0 0 1 1 0 1 0 1 1 0  1564.000000 714.210000
   26 1 0 1 0 0 0 1 1 1 1 0 1 1 0 0 1 1 1 1 1 1 0 1 0 0 0 0 1 1 1 0 0 1 0 0 0 1 1 0 0 1 1 0 1 0 1 1 0  1565.000000 1783.845000
   27 1 0 1 0 0 0 1 1 1 1 0 0 1 0 0 1 1 1 1 1 1 0 0 0 0 1 0 1 1 1 0 1 0 0 0 0 1 1 0 0 1 1 0 1 0 1 1 0  1566.000000 1787.205000
   41 1 1 1 1 0 0 1 1 1 1 0 0 1 0 0 1 1 1 1 1 1 0 0 0 0 0 1 1 0 1 0 0 1 0 0 0 1 1 0 0 1 1 0 1 0 1 1 0  1567.000000 1827.795000
    2 1 1 0 1 0 1 0 1 0 1 0 0 0 1 1 0 0 0 1 0 1 1 1 1 1 1 0 1 1 1 0 0 0 0 1 1 1 1 1 1 1 0 1 0 0 1 1 0  1354.000000 251.505000
   10 1 1 0 1 0 1 0 1 0 1 0 0 0 1 1 0 0 0 1 0 1 1 1 1 1 1 0 1 1 1 0 0 0 0 1 1 1 1 1 1 1 0 1 0 0 1 1 0  1454.000000 931.230000
   11 0 0 1 1 0 1 0 0 1 0 0 0 0 1 0 0 0 1 1 0 1 0 1 0 0 0 0 1 0 1 1 1 1 1 0 0 1 1 1 1 1 1 1 0 0 1 1 0  1465.000000 994.110000
   16 1 0 1 0 1 1 0 1 0 0 0 0 1 1 0 1 0 0 1 0 1 0 0 1 0 1 1 0 0 1 1 0 1 1 0 1 1 1 0 1 1 1 1 0 0 1 1 0  1562.000000 1358.400000
   17 1 1 0 1 0 1 0 1 0 1 0 0 0 1 1 0 0 0 1 0 1 0 0 1 0 1 1 0 0 1 0 0 0 0 1 1 1 1 0 1 1 1 1 0 0 1 1 0  1564.000000 1597.530000
   42 1 1 0 1 0 1 0 1 0 1 0 0 0 1 0 1 0 0 1 0 1 0 1 1 0 1 0 1 0 1 1 0 1 1 1 1 1 1 1 1 1 1 1 0 0 1 1 0  1565.000000 1872.615000
   53 0 0 1 1 0 1 0 0 1 1 0 0 1 1 0 0 0 0 1 0 1 0 0 1 0 0 0 1 1 0 0 0 0 0 1 1 1 1 1 1 1 1 1 0 0 1 1 0  1567.000000 1875.210000
    1 0 1 0 1 0 1 1 1 0 0 1 1 0 1 1 0 1 0 1 0 1 1 0 0 0 0 0 1 0 0 1 0 0 0 0 0 1 1 1 0 1 0 1 0 0 1 1 0  1550.000000 211.410000
   10 0 1 0 1 0 1 1 1 0 0 0 1 0 1 1 0 1 0 1 0 1 0 1 1 0 0 0 1 0 0 1 1 1 1 0 0 1 1 0 1 1 0 0 1 0 1 1 0  1552.000000 1709.430000
   11 0 1 0 1 0 1 0 1 0 0 1 1 1 1 0 0 1 1 1 0 0 1 0 0 0 0 0 0 0 1 1 0 0 1 0 0 1 1 1 0 1 1 0 1 0 1 1 0  1560.000000 1726.005000
   14 1 1 1 1 0 1 0 1 0 1 1 1 0 1 1 0 1 0 1 0 1 0 0 0 0 0 0 1 0 0 1 0 0 0 0 0 1 1 1 0 1 0 1 1 0 1 1 0  1562.000000 1758.885000
   17 0 1 0 1 0 1 0 1 0 0 1 1 1 1 0 0 1 0 1 0 1 1 0 0 0 0 0 1 1 1 1 1 1 1 1 0 1 1 1 1 1 1 0 1 0 1 1 0  1564.000000 1770.690000
   23 1 1 0 1 0 1 0 1 0 0 1 1 1 1 0 0 1 0 1 0 1 1 0 0 0 1 0 1 0 1 1 1 1 1 1 0 1 1 1 1 1 1 0 1 0 1 1 0  1565.000000 1795.650000
   44 1 1 0 1 0 1 0 0 0 0 1 1 0 1 0 0 1 0 1 0 1 1 0 0 0 0 0 1 1 1 1 0 0 0 0 0 1 1 1 1 1 1 0 1 0 1 1 0  1566.000000 1876.125000
    2 0 0 1 1 1 1 0 0 0 1 1 0 0 1 0 1 1 0 1 1 0 0 1 0 1 1 0 1 0 0 1 1 0 1 0 1 1 0 1 1 1 1 1 0 0 1 0 0  660.000000 116.850000
    3 1 1 1 0 0 1 0 1 0 0 1 0 0 1 1 0 1 0 1 0 1 0 0 0 0 0 0 1 0 0 0 0 0 1 1 0 1 0 1 0 1 1 0 0 0 1 0 0  757.000000 171.285000
    5 0 0 1 0 0 1 0 0 0 1 1 0 0 1 0 0 1 1 0 1 1 0 0 1 1 1 0 1 1 0 0 0 0 0 0 0 1 0 1 0 1 1 0 1 0 0 0 0  999.000000 329.655000
    6 0 1 0 0 0 1 1 1 0 1 1 0 1 1 1 0 0 0 0 0 1 0 0 0 0 1 0 1 0 0 1 1 1 1 1 0 1 0 1 0 1 1 0 0 0 1 0 0  1146.000000 526.530000
    7 1 1 0 1 0 1 0 0 0 1 0 1 1 0 0 0 1 1 1 1 1 0 0 1 1 1 1 0 0 0 0 0 0 0 1 0 0 1 1 0 1 1 0 0 0 0 1 0  1451.000000 765.390000
   10 0 0 1 1 1 1 0 1 1 0 1 1 1 0 0 1 1 0 1 1 0 1 0 1 1 0 0 0 0 0 0 1 0 1 0 0 1 1 1 0 1 1 0 0 0 1 1 0  1564.000000 1051.905000
   15 0 1 1 1 0 1 0 0 0 1 0 0 0 1 0 0 1 1 0 1 0 0 1 0 1 1 0 1 0 0 1 1 0 1 0 0 1 0 1 1 1 1 1 0 0 1 0 0  1565.000000 1630.890000
   32 1 1 0 0 0 1 0 0 0 1 0 0 0 1 0 0 1 1 1 0 1 1 0 1 0 0 0 0 1 0 1 1 0 1 0 0 1 1 1 0 1 1 0 0 0 1 1 0  1566.000000 1814.730000
    3 1 1 1 1 0 1 1 0 1 0 0 0 0 0 0 1 0 1 1 0 1 1 0 0 1 0 0 0 1 0 0 1 1 0 1 0 1 0 1 1 1 1 0 0 0 1 1 0  1250.000000 157.395000
    5 1 0 0 0 1 1 0 0 1 0 1 1 0 1 1 1 1 0 0 0 0 0 0 0 1 1 1 1 1 1 1 1 1 1 0 0 1 0 1 1 1 1 0 0 0 0 0 0  1541.000000 317.385000
   11 1 1 0 0 1 1 0 1 0 1 0 1 0 0 0 1 0 1 1 0 1 1 0 0 1 1 0 0 0 1 0 1 0 0 0 0 1 1 1 0 1 1 0 0 0 1 1 0  1560.000000 1017.180000
   12 1 1 0 0 1 1 0 1 0 1 0 1 0 0 0 0 0 0 1 0 1 1 0 1 0 0 1 0 1 0 0 0 0 1 1 0 1 1 1 1 1 1 0 1 0 1 1 0  1564.000000 1156.890000
   17 1 1 1 1 0 1 0 1 0 0 0 1 0 0 0 0 0 0 1 0 1 1 0 1 0 1 1 0 1 0 0 1 1 0 1 0 1 1 1 0 1 1 0 1 0 1 1 0  1565.000000 1747.725000
   27 1 1 0 0 1 1 0 0 0 1 0 1 0 0 0 0 0 0 1 0 1 1 0 1 0 1 1 0 1 0 0 0 0 1 1 0 1 1 1 1 1 1 0 1 0 1 1 0  1566.000000 1848.285000
    2 1 0 0 1 1 1 0 0 1 1 0 1 1 1 0 0 1 0 0 0 1 0 0 1 1 0 0 0 0 0 0 1 1 1 0 0 1 1 0 0 1 1 1 0 0 1 0 1  764.000000 146.640000
    3 1 1 1 0 1 1 0 1 0 0 0 1 1 0 1 1 1 1 0 1 0 1 0 0 0 0 1 1 0 1 1 0 1 0 1 1 0 1 1 1 1 1 1 1 0 0 1 0  1130.000000 210.210000
    4 0 1 1 0 1 1 0 1 0 0 0 1 1 0 0 1 1 1 1 0 1 1 1 1 1 1 1 0 1 1 0 0 1 0 1 1 0 1 1 1 1 1 1 1 0 0 1 1  1452.000000 338.535000
    6 0 1 1 0 1 1 0 1 0 0 0 1 0 1 1 0 1 0 1 1 1 1 1 1 0 0 0 0 0 0 0 0 1 0 0 0 1 1 0 0 1 0 0 1 0 1 1 0  1462.000000 798.330000
    9 1 1 1 0 1 1 0 1 0 0 1 1 0 1 1 0 1 0 1 1 1 1 1 1 0 0 0 0 0 0 0 0 1 0 0 0 1 1 0 0 1 0 1 0 0 1 1 0  1561.000000 1091.505000
   10 1 1 1 0 1 1 0 1 0 0 0 0 1 0 0 1 1 1 1 0 1 1 1 1 1 0 1 1 0 1 1 0 1 0 1 1 1 1 0 0 1 1 1 1 0 1 1 0  1564.000000 1211.370000
   28 1 1 1 1 0 1 0 1 0 0 0 0 1 0 0 1 1 1 1 0 1 0 1 1 1 0 1 1 0 1 1 1 1 0 1 1 1 1 0 1 1 1 1 1 0 1 1 0  1565.000000 1835.580000
    2 0 1 1 1 0 0 0 0 0 0 0 1 1 1 1 1 0 0 1 0 0 0 0 1 0 0 1 0 1 1 1 0 0 0 0 0 1 1 1 0 0 1 1 1 0 0 1 0  1442.000000 240.135000
    6 0 0 1 0 0 1 0 0 0 0 0 1 1 1 1 1 1 0 0 1 0 0 0 1 0 0 1 0 0 0 1 0 0 0 0 0 1 0 1 1 1 1 0 0 0 1 0 1  1445.000000 889.185000
    7 1 1 1 0 0 0 1 1 0 0 0 1 1 1 1 1 1 1 0 1 0 1 1 1 0 0 1 0 0 0 1 0 0 1 1 0 1 1 1 1 1 1 0 0 0 1 1 0  1549.000000 1075.905000
   10 1 1 0 1 0 1 1 0 0 1 1 1 0 0 0 0 1 0 1 0 1 0 1 0 0 1 1 0 1 0 1 0 0 0 0 0 1 1 1 1 1 0 1 1 0 1 1 0  1552.000000 1605.795000
   16 1 1 0 1 0 1 0 1 0 1 0 1 0 0 0 1 0 1 1 1 0 1 1 0 1 1 1 0 0 0 1 0 0 1 1 0 1 1 1 1 1 1 0 0 0 1 1 0  1561.000000 1734.825000
   20 1 1 0 0 1 1 0 0 0 1 1 1 1 0 0 0 1 0 1 0 1 0 1 0 0 1 1 0 1 0 1 0 0 0 0 0 1 1 1 0 1 0 1 1 0 1 1 0  1562.000000 1758.225000
   28 1 1 0 0 1 1 0 0 0 1 0 1 0 0 0 1 0 1 1 1 0 1 1 0 1 1 1 0 1 0 1 0 0 0 0 0 1 1 1 0 1 1 0 0 0 1 1 0  1566.000000 1790.070000
    3 0 0 1 0 1 1 0 0 1 1 1 1 1 0 0 0 1 1 1 0 1 1 0 0 1 1 0 1 1 0 1 1 1 1 1 0 1 0 1 0 1 1 1 0 0 1 0 1  1451.000000 271.755000
    7 0 1 0 1 0 0 0 0 1 1 1 1 0 1 1 1 1 1 1 0 1 1 1 0 1 1 0 1 0 1 1 0 0 1 1 1 1 1 1 0 1 1 0 1 0 1 1 0  1534.000000 1086.165000
    9 0 0 1 0 1 0 0 1 1 0 1 0 0 0 1 1 1 0 1 0 1 1 0 0 1 1 1 0 1 0 1 1 1 1 1 0 1 0 1 0 1 1 1 0 0 1 0 1  1540.000000 1484.205000
   10 0 0 1 0 1 1 0 0 1 1 1 1 1 0 0 0 1 1 1 0 1 1 0 0 1 1 0 1 1 0 1 1 1 1 1 0 1 0 1 0 1 1 1 0 0 1 0 1  1550.000000 1624.800000
   14 1 0 1 1 0 1 0 1 0 1 1 1 0 0 0 1 0 0 0 1 1 0 1 0 0 1 0 0 0 0 1 0 1 1 1 0 1 1 0 1 1 1 1 0 0 1 1 0  1555.000000 1730.235000
   24 0 1 1 0 1 1 0 0 1 1 0 0 1 0 0 1 0 1 1 1 0 1 1 0 0 0 0 1 0 0 1 1 1 1 1 1 1 0 1 0 1 1 1 1 0 1 0 1  1556.000000 1775.100000
   28 0 1 1 0 1 1 0 0 1 1 0 0 1 0 0 1 0 1 1 0 1 1 0 0 1 1 0 1 0 0 1 1 0 1 1 0 1 1 0 1 1 1 1 0 0 1 1 0  1560.000000 1788.330000
   34 0 0 1 0 1 1 0 1 0 1 1 1 0 0 0 1 0 1 1 0 1 1 0 0 1 1 0 1 0 0 1 1 0 1 1 0 1 1 0 1 1 1 1 0 0 1 1 0  1561.000000 1808.325000
   35 0 0 1 0 1 1 0 0 1 1 0 0 0 1 0 0 1 1 1 0 1 1 1 0 0 1 0 1 1 0 1 1 1 1 1 0 1 1 0 1 1 1 1 0 0 1 1 0  1566.000000 1811.535000
    2 0 0 1 0 0 0 1 1 0 1 1 1 0 0 1 1 0 0 1 1 1 0 1 0 0 0 1 1 1 0 0 0 0 1 0 0 1 0 1 0 1 0 1 1 0 1 1 0  1349.000000 191.595000
    4 0 0 0 1 0 0 0 1 0 1 0 0 0 1 1 1 1 0 1 0 1 1 0 1 0 0 0 0 0 0 0 0 0 0 1 0 1 1 0 0 1 0 0 1 0 1 1 0  1428.000000 329.025000
    6 1 0 0 1 0 0 1 1 1 0 0 1 1 1 0 1 1 1 1 1 1 0 1 0 0 0 1 0 1 0 0 0 0 1 1 0 1 1 0 1 1 0 1 1 0 1 1 0  1464.000000 798.570000
   10 1 0 1 1 0 1 0 1 0 1 0 1 1 1 0 0 1 1 1 0 1 1 1 0 1 1 1 1 1 1 0 1 0 0 1 0 1 1 1 1 1 1 1 1 0 1 1 0  1562.000000 1610.775000
   14 1 0 0 1 0 1 0 1 0 1 0 1 1 1 0 0 1 0 1 0 1 1 0 1 0 0 0 0 0 0 0 0 0 0 1 0 1 1 0 1 1 0 1 1 0 1 1 0  1565.000000 1739.985000
   36 1 0 1 0 0 1 0 0 0 1 0 1 1 1 0 0 1 1 1 0 1 1 1 0 1 1 1 1 1 1 0 1 0 0 1 0 1 1 0 0 1 1 1 1 0 1 1 0  1566.000000 1874.445000
    2 1 0 1 1 0 1 0 0 1 0 1 0 1 0 1 0 0 1 0 0 0 1 0 0 1 1 0 1 1 0 0 0 1 0 0 0 1 1 0 1 1 0 1 1 0 1 0 1  1249.000000 150.885000
    5 1 0 1 1 0 1 0 1 1 0 1 0 1 0 1 0 0 1 0 0 0 1 0 0 1 1 1 1 1 0 0 0 1 0 0 0 1 1 0 1 1 0 1 1 0 1 0 1  1344.000000 437.700000
    7 1 0 1 1 0 0 1 0 1 1 1 1 0 1 1 1 0 1 1 1 0 0 1 0 0 0 0 1 0 0 0 1 1 1 1 1 1 0 1 0 1 1 0 1 0 1 0 1  1544.000000 838.290000
   13 1 0 1 1 0 1 0 0 1 0 1 0 1 0 1 0 0 1 0 0 0 1 0 0 1 1 0 1 1 0 0 0 1 1 1 1 1 1 0 1 1 1 0 0 0 1 0 1  1555.000000 1360.710000
   22 0 1 0 0 0 1 0 0 1 0 1 0 1 0 1 0 0 0 0 1 0 1 1 1 0 1 0 0 1 0 0 0 1 0 0 1 1 0 1 0 1 0 1 0 0 1 0 1  1559.000000 1703.010000
   35 1 0 1 1 1 1 0 0 0 0 1 0 1 0 1 0 0 1 0 0 0 1 1 1 0 1 0 1 1 0 0 0 1 1 0 0 1 1 0 1 1 0 1 1 0 1 0 1  1560.000000 1758.885000
   43 0 1 0 0 0 1 0 0 1 0 1 0 1 0 1 0 0 0 0 0 0 1 1 1 0 1 0 1 1 0 0 0 1 1 0 0 1 1 0 1 1 0 1 1 0 1 0 1  1562.000000 1771.935000
   49 1 0 0 1 1 1 0 0 0 0 1 0 1 0 1 0 0 1 0 0 0 1 1 1 0 1 0 1 1 0 0 0 1 1 0 1 1 1 0 1 1 1 0 1 0 1 0 1  1565.000000 1786.005000
